pokemon_num,first,second,third,fourth,fifth,nothing
1,0.00,0.01,0.09,0.90,8.94,90.05
2,0.00,0.01,0.18,1.80,17.97,80.03
3,0.01,0.03,0.27,2.73,26.97,69.99
4,0.01,0.04,0.36,3.63,36.03,59.94
5,0.01,0.04,0.46,4.51,44.94,50.05
6,0.01,0.05,0.54,5.39,44.01,49.99
7,0.01,0.06,0.64,6.30,52.98,40.00
8,0.01,0.07,0.72,7.17,62.05,29.98
9,0.02,0.08,0.81,8.07,60.99,30.03
10,0.02,0.09,0.90,9.00,60.02,29.97
11,0.02,0.10,0.99,9.88,69.02,19.99
12,0.03,0.10,1.09,10.78,78.05,9.96
13,0.03,0.11,1.15,11.73,76.98,10.00
14,0.03,0.12,1.26,12.55,86.04,0.00
15,0.03,0.14,1.33,13.46,85.04,0.00
16,0.03,0.14,1.45,14.44,83.94,0.00
17,0.03,0.15,1.54,15.30,82.98,0.00
18,0.04,0.16,1.61,16.20,81.99,0.00
19,0.04,0.17,1.72,17.08,80.99,0.00
20,0.04,0.17,1.83,18.00,79.96,0.00
21,0.04,0.19,1.88,18.98,78.90,0.00
22,0.05,0.19,1.97,19.77,78.02,0.00
23,0.04,0.20,2.05,20.70,77.00,0.00
24,0.05,0.21,2.12,21.64,75.98,0.00
25,0.05,0.22,2.26,21.52,75.94,0.00
26,0.05,0.23,2.34,22.41,74.96,0.00
27,0.05,0.23,2.35,22.43,74.94,0.00
28,0.06,0.24,2.42,23.25,74.03,0.00
29,0.06,0.26,2.56,24.14,72.99,0.00
30,0.06,0.26,2.61,25.13,71.94,0.00
31,0.06,0.27,2.60,25.15,71.92,0.00
32,0.06,0.27,2.70,25.03,71.94,0.00
33,0.07,0.29,2.78,24.91,71.95,0.00
34,0.07,0.30,2.86,24.81,71.96,0.00
35,0.07,0.31,2.94,25.74,70.94,0.00
36,0.07,0.31,3.07,26.58,69.97,0.00
37,0.07,0.31,3.13,27.50,68.98,0.00
38,0.07,0.33,3.23,27.38,68.98,0.00
39,0.08,0.35,3.35,28.24,67.98,0.00
40,0.08,0.35,3.41,29.08,67.08,0.00
41,0.08,0.36,3.48,30.15,65.93,0.00
42,0.09,0.37,3.59,31.00,64.95,0.00
43,0.09,0.38,3.74,30.73,65.06,0.00
44,0.09,0.39,3.77,31.78,63.98,0.00
45,0.09,0.40,3.86,31.66,63.99,0.00
46,0.09,0.40,3.98,32.59,62.95,0.00
47,0.09,0.41,4.04,32.45,63.00,0.00
48,0.10,0.42,4.13,33.37,61.98,0.00
49,0.10,0.43,4.22,34.27,60.98,0.00
50,0.10,0.45,4.32,35.15,59.99,0.00
51,0.10,0.46,4.36,36.03,59.05,0.00
52,0.10,0.45,4.49,36.92,58.04,0.00
53,0.11,0.47,4.61,37.82,56.98,0.00
54,0.11,0.47,4.65,38.80,55.97,0.00
55,0.11,0.48,4.73,38.67,56.01,0.00
56,0.11,0.50,4.85,39.54,55.00,0.00
57,0.12,0.49,4.91,40.58,53.90,0.00
58,0.12,0.52,4.99,41.41,52.96,0.00
59,0.12,0.52,5.08,41.29,52.99,0.00
60,0.12,0.52,5.18,42.25,51.92,0.00
61,0.12,0.54,5.29,43.02,51.02,0.00
62,0.12,0.54,5.37,43.01,50.95,0.00
63,0.12,0.55,5.45,42.86,51.02,0.00
64,0.13,0.57,5.53,43.82,49.96,0.00
65,0.14,0.58,5.63,44.76,48.89,0.00
66,0.14,0.58,5.69,44.65,48.95,0.00
67,0.13,0.60,5.81,45.46,48.01,0.00
68,0.14,0.60,5.81,45.43,48.03,0.00
69,0.14,0.60,5.92,45.40,47.94,0.00
70,0.14,0.61,5.98,45.40,47.88,0.00
71,0.14,0.62,6.14,46.12,46.99,0.00
72,0.14,0.63,6.12,46.11,47.00,0.00
73,0.14,0.63,6.17,47.10,45.95,0.00
74,0.14,0.65,6.26,46.95,46.00,0.00
75,0.15,0.65,6.37,46.86,45.97,0.00
76,0.15,0.68,6.46,47.75,44.96,0.00
77,0.15,0.68,6.57,47.72,44.88,0.00
78,0.16,0.68,6.65,48.54,43.97,0.00
79,0.16,0.68,6.72,48.49,43.95,0.00
80,0.16,0.70,6.80,49.38,42.96,0.00
81,0.16,0.70,6.90,49.27,42.98,0.00
82,0.15,0.73,7.00,49.06,43.05,0.00
83,0.16,0.74,7.07,49.15,42.88,0.00
84,0.16,0.73,7.23,49.04,42.84,0.00
85,0.17,0.76,7.26,49.85,41.96,0.00
86,0.18,0.75,7.34,50.81,40.92,0.00
87,0.17,0.76,7.40,50.65,41.01,0.00
88,0.18,0.77,7.53,51.53,39.99,0.00
89,0.19,0.77,7.61,51.50,39.94,0.00
90,0.18,0.79,7.68,51.35,40.01,0.00
91,0.18,0.80,7.81,52.26,38.95,0.00
92,0.19,0.81,7.89,53.14,37.98,0.00
93,0.18,0.82,7.96,54.04,37.00,0.00
94,0.18,0.81,8.08,53.97,36.95,0.00
95,0.20,0.82,8.14,54.93,35.92,0.00
96,0.19,0.85,8.14,54.92,35.90,0.00
97,0.19,0.86,8.24,54.79,35.93,0.00
98,0.20,0.87,8.29,55.67,34.96,0.00
99,0.20,0.87,8.42,56.50,34.01,0.00
100,0.21,0.86,8.55,57.46,32.92,0.00
101,0.21,0.89,8.64,57.35,32.92,0.00
102,0.20,0.91,8.67,58.24,31.98,0.00
103,0.20,0.90,8.82,59.13,30.95,0.00
104,0.21,0.91,8.86,59.00,31.02,0.00
105,0.21,0.91,8.95,58.94,30.98,0.00
106,0.21,0.94,9.06,58.81,30.98,0.00
107,0.22,0.96,9.12,59.68,30.02,0.00
108,0.21,0.96,9.22,59.60,30.01,0.00
109,0.21,0.97,9.28,59.59,29.95,0.00
110,0.22,0.98,9.33,59.48,29.99,0.00
111,0.21,1.00,9.50,59.29,29.99,0.00
112,0.23,0.97,9.59,59.24,29.97,0.00
113,0.23,0.98,9.63,59.19,29.96,0.00
114,0.23,1.01,9.76,59.05,29.95,0.00
115,0.22,1.02,9.88,58.98,29.90,0.00
116,0.22,1.02,9.85,58.94,29.96,0.00
117,0.23,1.04,9.92,59.89,28.93,0.00
118,0.24,1.04,9.96,59.74,29.03,0.00
119,0.23,1.06,10.14,59.58,28.99,0.00
120,0.24,1.06,10.22,59.56,28.92,0.00
121,0.24,1.07,10.27,60.46,27.95,0.00
122,0.24,1.06,10.40,61.34,26.97,0.00
123,0.25,1.10,10.48,62.30,25.86,0.00
124,0.24,1.09,10.46,62.21,25.99,0.00
125,0.24,1.10,10.55,63.11,25.00,0.00
126,0.25,1.12,10.65,63.00,24.98,0.00
127,0.25,1.11,10.78,62.99,24.87,0.00
128,0.25,1.13,10.79,62.81,25.01,0.00
129,0.26,1.14,10.95,62.65,24.99,0.00
130,0.26,1.14,11.02,62.60,24.97,0.00
131,0.26,1.14,11.10,62.55,24.94,0.00
132,0.26,1.16,11.21,63.39,23.97,0.00
133,0.27,1.18,11.25,64.35,22.96,0.00
134,0.26,1.17,11.39,65.22,21.96,0.00
135,0.28,1.17,11.51,65.02,22.02,0.00
136,0.27,1.19,11.56,65.05,21.93,0.00
137,0.26,1.21,11.58,65.01,21.94,0.00
138,0.27,1.20,11.78,64.78,21.96,0.00
139,0.27,1.22,11.77,64.76,21.97,0.00
140,0.27,1.24,11.90,64.63,21.96,0.00
141,0.27,1.25,11.98,65.49,21.01,0.00
142,0.28,1.25,12.08,65.45,20.94,0.00
143,0.27,1.28,12.21,65.27,20.97,0.00
144,0.29,1.27,12.28,65.19,20.98,0.00
145,0.29,1.30,12.33,66.16,19.93,0.00
146,0.29,1.31,12.40,67.03,18.97,0.00
147,0.29,1.29,12.57,66.89,18.96,0.00
148,0.30,1.31,12.55,66.80,19.04,0.00
149,0.30,1.31,12.70,66.71,18.98,0.00
150,0.30,1.32,12.74,66.64,19.00,0.00
151,0.29,1.35,12.86,67.55,17.95,0.00
152,0.31,1.33,12.87,67.55,17.94,0.00
153,0.32,1.35,12.93,67.39,18.01,0.00
154,0.30,1.36,13.06,67.29,18.00,0.00
155,0.32,1.38,13.03,67.30,17.98,0.00
156,0.32,1.40,13.14,67.15,18.00,0.00
157,0.32,1.38,13.14,67.25,17.91,0.00
158,0.31,1.41,13.18,67.17,17.94,0.00
159,0.31,1.41,13.21,67.12,17.95,0.00
160,0.32,1.42,13.19,67.01,18.07,0.00
161,0.32,1.43,13.26,68.05,16.94,0.00
162,0.33,1.44,13.39,67.87,16.97,0.00
163,0.32,1.45,13.47,67.78,16.97,0.00
164,0.33,1.46,13.55,67.73,16.93,0.00
165,0.32,1.47,13.69,67.58,16.94,0.00
166,0.33,1.50,13.70,67.53,16.94,0.00
167,0.34,1.49,13.72,67.50,16.95,0.00
168,0.34,1.47,13.70,67.55,16.95,0.00
169,0.34,1.50,13.83,67.31,17.02,0.00
170,0.34,1.50,13.86,67.33,16.98,0.00
171,0.35,1.49,14.01,67.17,16.98,0.00
172,0.34,1.51,14.11,67.13,16.92,0.00
173,0.34,1.54,14.16,67.02,16.94,0.00
174,0.35,1.56,14.13,66.98,16.98,0.00
175,0.35,1.53,14.26,66.96,16.90,0.00
176,0.35,1.58,14.32,67.78,15.97,0.00
177,0.34,1.56,14.45,67.64,16.01,0.00
178,0.36,1.58,14.51,67.56,15.98,0.00
179,0.36,1.57,14.63,68.48,14.96,0.00
180,0.36,1.61,14.71,68.42,14.91,0.00
181,0.36,1.61,14.69,68.38,14.96,0.00
182,0.37,1.61,14.91,69.10,14.01,0.00
183,0.36,1.65,14.96,69.08,13.96,0.00
184,0.37,1.66,14.98,69.03,13.95,0.00
185,0.36,1.65,15.15,68.84,14.01,0.00
186,0.38,1.68,15.18,68.81,13.95,0.00
187,0.38,1.65,15.33,68.66,13.97,0.00
188,0.37,1.66,15.38,68.65,13.94,0.00
189,0.37,1.65,15.53,68.55,13.91,0.00
190,0.38,1.67,15.59,68.44,13.93,0.00
191,0.39,1.69,15.69,68.28,13.96,0.00
192,0.38,1.70,15.78,68.16,13.99,0.00
193,0.40,1.70,15.85,68.01,14.04,0.00
194,0.38,1.73,16.01,68.93,12.96,0.00
195,0.40,1.74,16.07,68.82,12.98,0.00
196,0.39,1.76,16.15,68.77,12.93,0.00
197,0.38,1.75,16.06,68.81,13.00,0.00
198,0.38,1.76,16.19,68.68,12.98,0.00
199,0.41,1.75,16.11,68.77,12.97,0.00
200,0.40,1.75,16.30,68.52,13.03,0.00
201,0.40,1.79,16.29,68.54,12.98,0.00
202,0.40,1.80,16.37,68.47,12.96,0.00
203,0.40,1.79,16.48,68.34,12.99,0.00
204,0.40,1.82,16.50,68.26,13.02,0.00
205,0.41,1.83,16.64,68.16,12.97,0.00
206,0.41,1.82,16.76,68.04,12.97,0.00
207,0.41,1.82,16.86,67.98,12.93,0.00
208,0.41,1.86,16.90,67.86,12.98,0.00
209,0.41,1.85,17.04,67.78,12.92,0.00
210,0.42,1.88,17.11,67.61,12.98,0.00
211,0.43,1.87,17.14,68.57,12.00,0.00
212,0.43,1.88,17.23,68.43,12.03,0.00
213,0.42,1.88,17.38,68.32,12.00,0.00
214,0.43,1.92,17.42,68.32,11.91,0.00
215,0.43,1.90,17.46,69.23,10.97,0.00
216,0.43,1.90,17.47,69.25,10.95,0.00
217,0.43,1.94,17.53,69.16,10.94,0.00
218,0.44,1.92,17.64,69.07,10.94,0.00
219,0.43,1.94,17.75,68.88,11.00,0.00
220,0.44,1.95,17.75,68.92,10.94,0.00
221,0.44,1.97,17.80,68.83,10.96,0.00
222,0.44,1.95,17.84,68.85,10.92,0.00
223,0.46,1.98,17.84,68.77,10.95,0.00
224,0.45,2.02,17.92,68.64,10.98,0.00
225,0.45,1.99,18.05,68.57,10.95,0.00
226,0.44,2.01,18.14,68.48,10.93,0.00
227,0.45,2.02,18.15,68.36,11.02,0.00
228,0.45,2.03,18.35,68.20,10.96,0.00
229,0.46,2.04,18.45,68.09,10.96,0.00
230,0.46,2.05,18.43,69.04,10.01,0.00
231,0.47,2.05,18.65,68.85,9.97,0.00
232,0.46,2.08,18.66,68.79,10.01,0.00
233,0.46,2.10,18.63,68.86,9.95,0.00
234,0.47,2.07,18.70,68.84,9.91,0.00
235,0.47,2.05,18.82,68.67,9.98,0.00
236,0.47,2.09,18.93,68.49,10.02,0.00
237,0.47,2.10,18.97,68.45,10.01,0.00
238,0.48,2.08,19.16,68.30,9.98,0.00
239,0.48,2.13,19.23,68.19,9.98,0.00
240,0.48,2.14,19.35,68.07,9.96,0.00
241,0.47,2.13,19.38,67.99,10.03,0.00
242,0.49,2.12,19.50,68.88,9.02,0.00
243,0.47,2.15,19.58,68.81,8.98,0.00
244,0.48,2.15,19.53,68.88,8.95,0.00
245,0.48,2.16,19.61,68.73,9.02,0.00
246,0.50,2.20,19.67,68.70,8.93,0.00
247,0.50,2.19,19.85,69.51,7.96,0.00
248,0.50,2.22,19.76,69.58,7.94,0.00
249,0.50,2.19,19.98,69.34,7.98,0.00
250,0.50,2.20,20.11,69.19,8.00,0.00
251,0.50,2.20,20.15,69.19,7.96,0.00
252,0.50,2.24,20.31,68.95,8.00,0.00
253,0.51,2.24,20.35,68.87,8.03,0.00
254,0.51,2.25,20.46,68.82,7.96,0.00
255,0.49,2.27,20.52,68.75,7.97,0.00
256,0.51,2.26,20.67,68.59,7.98,0.00
257,0.52,2.25,20.53,68.71,7.99,0.00
258,0.48,2.30,20.75,68.48,7.98,0.00
259,0.51,2.29,20.79,68.45,7.97,0.00
260,0.51,2.33,20.78,68.35,8.03,0.00
261,0.51,2.33,20.99,68.15,8.02,0.00
262,0.52,2.33,21.10,68.07,7.98,0.00
263,0.53,2.33,21.01,68.13,8.00,0.00
264,0.53,2.34,21.00,68.14,7.99,0.00
265,0.53,2.35,21.15,68.02,7.95,0.00
266,0.54,2.35,21.26,67.82,8.03,0.00
267,0.53,2.39,21.32,67.80,7.96,0.00
268,0.53,2.38,21.33,67.77,8.00,0.00
269,0.55,2.41,21.48,67.59,7.98,0.00
270,0.53,2.38,21.56,67.51,8.02,0.00
271,0.55,2.39,21.68,68.41,6.97,0.00
272,0.54,2.38,21.77,68.32,6.99,0.00
273,0.54,2.44,21.81,68.20,7.02,0.00
274,0.55,2.43,21.90,68.14,6.99,0.00
275,0.55,2.43,21.88,68.13,7.01,0.00
276,0.55,2.47,21.92,68.16,6.90,0.00
277,0.55,2.46,21.88,68.13,6.99,0.00
278,0.54,2.50,21.97,68.00,7.00,0.00
279,0.56,2.50,22.10,67.90,6.95,0.00
280,0.56,2.47,22.16,67.85,6.96,0.00
281,0.56,2.48,22.27,67.68,7.01,0.00
282,0.56,2.50,22.27,67.67,7.00,0.00
283,0.56,2.51,22.38,67.58,6.97,0.00
284,0.56,2.53,22.46,67.50,6.95,0.00
285,0.57,2.51,22.53,67.43,6.96,0.00
286,0.59,2.52,22.49,67.40,7.00,0.00
287,0.58,2.52,22.56,67.37,6.97,0.00
288,0.56,2.55,22.61,67.32,6.96,0.00
289,0.59,2.53,22.71,67.18,6.99,0.00
290,0.57,2.57,22.74,67.15,6.97,0.00
291,0.58,2.56,22.87,67.01,6.97,0.00
292,0.57,2.58,22.93,66.93,6.98,0.00
293,0.60,2.57,23.06,66.80,6.97,0.00
294,0.59,2.63,23.09,66.69,7.01,0.00
295,0.60,2.64,23.23,66.57,6.97,0.00
296,0.58,2.59,23.23,66.62,6.98,0.00
297,0.58,2.63,23.36,66.49,6.94,0.00
298,0.60,2.62,23.34,66.44,7.00,0.00
299,0.60,2.65,23.51,66.27,6.97,0.00
300,0.60,2.64,23.63,66.18,6.95,0.00
301,0.61,2.66,23.70,66.05,6.98,0.00
302,0.60,2.71,23.60,66.11,6.99,0.00
303,0.60,2.67,23.67,66.04,7.02,0.00
304,0.61,2.69,23.67,66.03,7.00,0.00
305,0.60,2.73,23.78,65.90,6.98,0.00
306,0.62,2.70,23.87,65.83,6.98,0.00
307,0.61,2.71,23.97,65.73,6.98,0.00
308,0.62,2.72,24.04,65.64,6.97,0.00
309,0.60,2.75,24.20,65.47,6.98,0.00
310,0.64,2.72,24.20,65.44,7.00,0.00
311,0.62,2.74,24.40,65.29,6.95,0.00
312,0.61,2.76,24.50,65.14,6.99,0.00
313,0.62,2.78,24.47,65.16,6.97,0.00
314,0.63,2.75,24.66,64.96,7.01,0.00
315,0.62,2.75,24.55,65.12,6.96,0.00
316,0.62,2.78,24.66,64.95,6.99,0.00
317,0.63,2.80,24.75,64.82,7.01,0.00
318,0.64,2.80,24.90,64.68,6.98,0.00
319,0.64,2.86,24.82,64.68,7.00,0.00
320,0.64,2.84,25.04,64.52,6.97,0.00
321,0.64,2.85,25.07,64.47,6.97,0.00
322,0.65,2.82,25.08,64.50,6.96,0.00
323,0.64,2.85,25.22,64.28,7.00,0.00
324,0.65,2.86,25.37,65.15,5.99,0.00
325,0.65,2.88,25.41,65.11,5.95,0.00
326,0.65,2.88,25.48,65.00,5.99,0.00
327,0.64,2.88,25.51,65.00,5.96,0.00
328,0.66,2.89,25.58,64.85,6.01,0.00
329,0.67,2.92,25.69,64.73,6.00,0.00
330,0.66,2.90,25.67,64.77,5.99,0.00
331,0.66,2.93,25.68,64.71,6.01,0.00
332,0.65,2.93,25.83,64.57,6.02,0.00
333,0.68,2.93,25.86,64.56,5.98,0.00
334,0.66,2.94,25.93,64.49,5.97,0.00
335,0.66,2.95,26.01,64.38,6.00,0.00
336,0.68,2.96,25.94,64.47,5.95,0.00
337,0.68,3.00,26.05,64.31,5.97,0.00
338,0.66,3.01,26.14,64.17,6.02,0.00
339,0.67,3.01,26.28,64.07,5.97,0.00
340,0.69,3.00,26.30,64.05,5.95,0.00
341,0.68,3.04,26.42,63.89,5.97,0.00
342,0.69,3.01,26.51,63.81,5.98,0.00
343,0.69,3.04,26.65,63.65,5.97,0.00
344,0.68,3.03,26.70,63.65,5.95,0.00
345,0.68,3.04,26.74,63.55,5.98,0.00
346,0.69,3.08,26.77,63.48,5.98,0.00
347,0.70,3.10,26.83,63.38,5.99,0.00
348,0.70,3.09,26.87,63.36,5.98,0.00
349,0.70,3.08,27.11,63.13,5.98,0.00
350,0.70,3.06,27.07,63.20,5.97,0.00
351,0.70,3.10,27.05,63.17,5.97,0.00
352,0.70,3.10,27.01,63.23,5.96,0.00
353,0.70,3.09,27.07,63.15,5.99,0.00
354,0.69,3.15,27.23,62.95,5.98,0.00
355,0.72,3.15,27.25,62.94,5.94,0.00
356,0.72,3.12,27.35,62.84,5.97,0.00
357,0.73,3.15,27.53,62.63,5.96,0.00
358,0.70,3.15,27.52,62.69,5.93,0.00
359,0.71,3.17,27.64,62.48,5.99,0.00
360,0.71,3.14,27.78,62.39,5.98,0.00
361,0.72,3.21,27.75,62.33,6.00,0.00
362,0.73,3.17,27.76,62.31,6.03,0.00
363,0.74,3.16,27.82,62.28,6.01,0.00
364,0.71,3.17,27.79,62.33,5.99,0.00
365,0.73,3.20,27.87,62.19,6.01,0.00
366,0.73,3.22,27.80,62.26,5.99,0.00
367,0.73,3.22,27.96,62.14,5.95,0.00
368,0.72,3.22,28.11,61.97,5.98,0.00
369,0.74,3.24,28.12,61.88,6.02,0.00
370,0.73,3.27,28.09,61.89,6.02,0.00
371,0.74,3.28,28.16,61.87,5.95,0.00
372,0.75,3.27,28.24,61.73,6.00,0.00
373,0.74,3.28,28.37,61.71,5.91,0.00
374,0.75,3.27,28.43,61.54,6.01,0.00
375,0.77,3.29,28.46,61.49,6.00,0.00
376,0.75,3.31,28.54,61.40,6.01,0.00
377,0.75,3.33,28.57,61.37,5.98,0.00
378,0.76,3.32,28.48,61.44,6.01,0.00
379,0.74,3.34,28.56,61.39,5.97,0.00
380,0.74,3.31,28.64,61.36,5.95,0.00
381,0.77,3.36,28.64,61.26,5.97,0.00
382,0.75,3.35,28.80,61.13,5.97,0.00
383,0.76,3.36,28.92,61.96,4.99,0.00
384,0.77,3.37,28.88,62.01,4.97,0.00
385,0.76,3.37,29.08,61.83,4.97,0.00
386,0.77,3.41,29.05,61.79,4.99,0.00
387,0.75,3.43,29.13,61.69,5.00,0.00
388,0.78,3.40,29.20,61.68,4.95,0.00
389,0.78,3.44,29.24,61.52,5.02,0.00
390,0.78,3.44,29.36,61.42,5.01,0.00
391,0.79,3.43,29.46,61.31,5.02,0.00
392,0.78,3.44,29.38,61.41,4.98,0.00
393,0.80,3.44,29.41,61.38,4.98,0.00
394,0.79,3.45,29.54,61.22,5.00,0.00
395,0.78,3.48,29.59,61.15,5.01,0.00
396,0.79,3.49,29.64,61.11,4.97,0.00
397,0.78,3.49,29.82,60.89,5.03,0.00
398,0.79,3.48,29.80,60.94,4.99,0.00
399,0.80,3.52,29.95,60.76,4.98,0.00
400,0.82,3.54,29.84,60.82,4.98,0.00
401,0.80,3.52,29.99,61.72,3.98,0.00
402,0.82,3.57,30.09,61.55,3.97,0.00
403,0.80,3.53,30.13,61.59,3.95,0.00
404,0.80,3.51,30.16,61.54,3.99,0.00
405,0.80,3.52,30.17,61.49,4.01,0.00
406,0.80,3.54,30.18,61.51,3.97,0.00
407,0.83,3.53,30.21,61.44,3.98,0.00
408,0.81,3.55,30.18,61.49,3.97,0.00
409,0.82,3.58,30.37,61.24,3.98,0.00
410,0.82,3.56,30.28,61.39,3.94,0.00
411,0.81,3.59,30.36,61.27,3.97,0.00
412,0.83,3.59,30.52,61.11,3.96,0.00
413,0.82,3.62,30.60,60.97,3.98,0.00
414,0.83,3.61,30.54,61.05,3.96,0.00
415,0.83,3.59,30.58,61.03,3.97,0.00
416,0.82,3.65,30.58,61.99,2.95,0.00
417,0.82,3.64,30.59,61.96,2.99,0.00
418,0.83,3.68,30.64,61.87,2.98,0.00
419,0.85,3.62,30.80,61.76,2.98,0.00
420,0.85,3.68,30.88,61.60,2.99,0.00
421,0.84,3.67,30.89,61.66,2.94,0.00
422,0.84,3.63,30.94,61.57,3.02,0.00
423,0.85,3.69,31.03,61.41,3.01,0.00
424,0.84,3.71,31.19,61.28,2.98,0.00
425,0.85,3.70,31.00,61.43,3.01,0.00
426,0.85,3.71,31.14,61.30,3.00,0.00
427,0.84,3.74,31.30,61.12,3.00,0.00
428,0.87,3.72,31.30,61.13,2.98,0.00
429,0.85,3.73,31.32,61.10,2.99,0.00
430,0.86,3.75,31.35,61.04,3.00,0.00
431,0.84,3.77,31.51,60.87,3.00,0.00
432,0.87,3.78,31.52,60.87,2.96,0.00
433,0.87,3.77,31.61,60.74,3.01,0.00
434,0.86,3.79,31.65,60.71,2.99,0.00
435,0.88,3.80,31.76,60.59,2.99,0.00
436,0.88,3.76,31.82,60.55,2.99,0.00
437,0.85,3.80,31.76,60.57,3.01,0.00
438,0.88,3.79,31.88,60.49,2.97,0.00
439,0.89,3.81,32.03,61.28,1.99,0.00
440,0.87,3.81,32.05,61.28,1.99,0.00
441,0.88,3.83,32.06,61.24,1.98,0.00
442,0.89,3.90,32.07,61.14,2.01,0.00
443,0.89,3.86,32.09,61.17,1.99,0.00
444,0.89,3.88,32.23,62.01,0.99,0.00
445,0.90,3.90,32.23,61.98,1.00,0.00
446,0.90,3.87,32.34,61.88,1.00,0.00
447,0.89,3.92,32.37,61.82,0.99,0.00
448,0.90,3.91,32.40,62.78,0.00,0.00
449,0.91,3.93,32.42,62.75,0.00,0.00
450,0.91,3.92,32.39,62.78,0.00,0.00
451,0.89,3.94,32.62,62.54,0.00,0.00
452,0.91,3.96,32.76,62.37,0.00,0.00
453,0.90,3.96,32.82,62.32,0.00,0.00
454,0.90,3.98,32.87,62.26,0.00,0.00
455,0.91,3.93,32.91,62.25,0.00,0.00
456,0.91,3.98,32.90,62.21,0.00,0.00
457,0.93,3.96,32.79,62.32,0.00,0.00
458,0.91,4.00,32.94,62.15,0.00,0.00
459,0.93,4.01,33.00,62.06,0.00,0.00
460,0.93,4.01,33.15,61.92,0.00,0.00
461,0.93,4.03,33.20,61.84,0.00,0.00
462,0.92,4.00,33.30,61.78,0.00,0.00
463,0.92,4.04,33.29,61.75,0.00,0.00
464,0.93,4.05,33.38,61.64,0.00,0.00
465,0.95,4.04,33.26,61.76,0.00,0.00
466,0.92,4.07,33.39,61.62,0.00,0.00
467,0.94,4.07,33.43,61.56,0.00,0.00
468,0.94,4.09,33.55,61.41,0.00,0.00
469,0.94,4.10,33.69,61.27,0.00,0.00
470,0.94,4.07,33.63,61.36,0.00,0.00
471,0.95,4.10,33.69,61.25,0.00,0.00
472,0.95,4.10,33.68,61.27,0.00,0.00
473,0.95,4.11,33.65,61.30,0.00,0.00
474,0.92,4.15,33.68,61.25,0.00,0.00
475,0.96,4.14,33.64,61.27,0.00,0.00
476,0.96,4.15,33.71,61.18,0.00,0.00
477,0.97,4.18,33.71,61.14,0.00,0.00
478,0.95,4.18,33.69,61.18,0.00,0.00
479,0.96,4.18,33.83,61.03,0.00,0.00
480,0.97,4.15,33.86,61.02,0.00,0.00
481,0.96,4.22,33.92,60.91,0.00,0.00
482,0.96,4.19,34.08,60.77,0.00,0.00
483,0.97,4.21,34.20,60.61,0.00,0.00
484,0.97,4.22,34.25,60.55,0.00,0.00
485,0.97,4.23,34.17,60.63,0.00,0.00
486,0.97,4.22,34.29,60.52,0.00,0.00
487,0.96,4.26,34.29,60.49,0.00,0.00
488,0.99,4.26,34.40,60.36,0.00,0.00
489,0.98,4.27,34.42,60.32,0.00,0.00
490,0.98,4.29,34.58,60.14,0.00,0.00
491,0.96,4.29,34.64,60.11,0.00,0.00
492,0.98,4.31,34.72,59.99,0.00,0.00
493,0.98,4.32,34.70,60.00,0.00,0.00
494,0.98,4.32,34.86,59.84,0.00,0.00
495,0.97,4.33,34.83,59.87,0.00,0.00
496,1.01,4.36,35.02,59.61,0.00,0.00
497,0.97,4.33,35.02,59.68,0.00,0.00
498,0.99,4.36,35.04,59.61,0.00,0.00
499,0.99,4.38,35.19,59.43,0.00,0.00
500,1.00,4.33,35.14,59.53,0.00,0.00
501,1.02,4.37,35.24,59.37,0.00,0.00
502,1.00,4.37,35.12,59.51,0.00,0.00
503,1.02,4.41,35.05,59.52,0.00,0.00
504,1.00,4.39,35.11,59.50,0.00,0.00
505,1.02,4.39,35.23,59.37,0.00,0.00
506,1.01,4.40,35.38,59.21,0.00,0.00
507,1.02,4.46,35.43,59.09,0.00,0.00
508,1.00,4.48,35.54,58.98,0.00,0.00
509,1.00,4.45,35.59,58.95,0.00,0.00
510,1.01,4.44,35.53,59.02,0.00,0.00
511,1.04,4.44,35.55,58.97,0.00,0.00
512,1.02,4.46,35.69,58.83,0.00,0.00
513,1.02,4.49,35.67,58.83,0.00,0.00
514,1.02,4.47,35.68,58.82,0.00,0.00
515,1.03,4.53,35.81,58.63,0.00,0.00
516,1.03,4.48,35.86,58.63,0.00,0.00
517,1.04,4.49,35.87,58.60,0.00,0.00
518,1.03,4.55,36.00,58.42,0.00,0.00
519,1.02,4.49,36.13,58.37,0.00,0.00
520,1.04,4.57,36.03,58.37,0.00,0.00
521,1.04,4.54,36.14,58.28,0.00,0.00
522,1.05,4.56,36.11,58.29,0.00,0.00
523,1.05,4.54,36.16,58.25,0.00,0.00
524,1.04,4.57,36.21,58.18,0.00,0.00
525,1.05,4.59,36.14,58.22,0.00,0.00
526,1.05,4.55,36.18,58.22,0.00,0.00
527,1.03,4.59,36.13,58.24,0.00,0.00
528,1.06,4.59,36.14,58.21,0.00,0.00
529,1.04,4.58,36.11,58.26,0.00,0.00
530,1.06,4.60,36.18,58.16,0.00,0.00
531,1.07,4.62,36.25,58.07,0.00,0.00
532,1.06,4.64,36.22,58.09,0.00,0.00
533,1.06,4.62,36.31,58.01,0.00,0.00
534,1.05,4.63,36.42,57.89,0.00,0.00
535,1.04,4.65,36.50,57.81,0.00,0.00
536,1.08,4.65,36.57,57.70,0.00,0.00
537,1.06,4.67,36.70,57.57,0.00,0.00
538,1.06,4.64,36.71,57.59,0.00,0.00
539,1.08,4.67,36.76,57.50,0.00,0.00
540,1.07,4.67,36.82,57.43,0.00,0.00
541,1.07,4.70,36.97,57.26,0.00,0.00
542,1.09,4.68,37.02,57.21,0.00,0.00
543,1.10,4.72,37.12,57.07,0.00,0.00
544,1.10,4.73,37.16,57.02,0.00,0.00
545,1.09,4.78,37.16,56.98,0.00,0.00
546,1.10,4.73,37.32,56.86,0.00,0.00
547,1.09,4.76,37.31,56.84,0.00,0.00
548,1.08,4.78,37.35,56.80,0.00,0.00
549,1.10,4.79,37.46,56.65,0.00,0.00
550,1.11,4.77,37.46,56.66,0.00,0.00
551,1.10,4.81,37.51,56.57,0.00,0.00
552,1.10,4.78,37.62,56.50,0.00,0.00
553,1.10,4.80,37.60,56.51,0.00,0.00
554,1.10,4.82,37.57,56.51,0.00,0.00
555,1.12,4.83,37.65,56.41,0.00,0.00
556,1.11,4.82,37.81,56.26,0.00,0.00
557,1.11,4.85,37.76,56.28,0.00,0.00
558,1.12,4.84,37.87,56.16,0.00,0.00
559,1.12,4.87,37.88,56.14,0.00,0.00
560,1.12,4.91,37.99,55.98,0.00,0.00
561,1.13,4.87,38.04,55.95,0.00,0.00
562,1.11,4.87,38.12,55.90,0.00,0.00
563,1.13,4.90,38.19,55.77,0.00,0.00
564,1.13,4.90,38.22,55.75,0.00,0.00
565,1.13,4.92,38.14,55.81,0.00,0.00
566,1.12,4.86,38.35,55.67,0.00,0.00
567,1.13,4.95,38.37,55.55,0.00,0.00
568,1.14,4.90,38.38,55.58,0.00,0.00
569,1.14,4.94,38.36,55.56,0.00,0.00
570,1.15,4.94,38.37,55.53,0.00,0.00
571,1.12,4.92,38.40,55.56,0.00,0.00
572,1.14,4.96,38.36,55.54,0.00,0.00
573,1.14,4.98,38.49,55.39,0.00,0.00
574,1.14,4.99,38.55,55.33,0.00,0.00
575,1.14,5.00,38.55,55.32,0.00,0.00
576,1.15,4.97,38.57,55.31,0.00,0.00
577,1.15,5.00,38.57,55.28,0.00,0.00
578,1.16,5.02,38.66,55.16,0.00,0.00
579,1.14,4.98,38.73,55.15,0.00,0.00
580,1.16,5.01,38.85,54.98,0.00,0.00
581,1.16,5.03,38.88,54.94,0.00,0.00
582,1.17,5.10,38.79,54.95,0.00,0.00
583,1.17,5.03,38.89,54.90,0.00,0.00
584,1.16,5.13,38.87,54.84,0.00,0.00
585,1.15,5.09,38.99,54.77,0.00,0.00
586,1.16,5.09,39.03,54.71,0.00,0.00
587,1.20,5.12,38.96,54.72,0.00,0.00
588,1.16,5.08,39.18,54.58,0.00,0.00
589,1.18,5.12,39.10,54.60,0.00,0.00
590,1.17,5.09,39.16,54.58,0.00,0.00
591,1.18,5.13,39.15,54.55,0.00,0.00
592,1.17,5.17,39.22,54.43,0.00,0.00
593,1.18,5.10,39.24,54.48,0.00,0.00
594,1.19,5.19,39.34,54.29,0.00,0.00
595,1.19,5.17,39.26,54.38,0.00,0.00
596,1.16,5.19,39.26,54.39,0.00,0.00
597,1.19,5.20,39.29,54.32,0.00,0.00
598,1.18,5.16,39.35,54.32,0.00,0.00
599,1.21,5.18,39.42,54.20,0.00,0.00
600,1.21,5.22,39.40,54.18,0.00,0.00
601,1.21,5.22,39.46,54.12,0.00,0.00
602,1.20,5.25,39.53,54.03,0.00,0.00
603,1.19,5.26,39.62,53.93,0.00,0.00
604,1.22,5.22,39.64,53.92,0.00,0.00
605,1.22,5.26,39.81,53.71,0.00,0.00
606,1.22,5.26,39.95,53.58,0.00,0.00
607,1.19,5.29,39.97,53.55,0.00,0.00
608,1.20,5.26,39.98,53.55,0.00,0.00
609,1.23,5.28,40.15,53.34,0.00,0.00
610,1.23,5.30,40.23,53.23,0.00,0.00
611,1.22,5.33,40.27,53.18,0.00,0.00
612,1.23,5.31,40.42,53.04,0.00,0.00
613,1.22,5.34,40.38,53.06,0.00,0.00
614,1.22,5.34,40.50,52.94,0.00,0.00
615,1.23,5.33,40.55,52.89,0.00,0.00
616,1.24,5.37,40.59,52.80,0.00,0.00
617,1.22,5.36,40.68,52.74,0.00,0.00
618,1.23,5.37,40.54,52.86,0.00,0.00
619,1.24,5.36,40.58,52.82,0.00,0.00
620,1.23,5.36,40.65,52.76,0.00,0.00
621,1.24,5.39,40.57,52.81,0.00,0.00
622,1.25,5.41,40.58,52.75,0.00,0.00
623,1.25,5.40,40.48,52.87,0.00,0.00
624,1.24,5.44,40.59,52.73,0.00,0.00
625,1.23,5.42,40.70,52.64,0.00,0.00
626,1.25,5.43,40.75,52.57,0.00,0.00
627,1.25,5.47,40.87,52.42,0.00,0.00
628,1.26,5.43,41.01,52.30,0.00,0.00
629,1.26,5.49,41.02,52.24,0.00,0.00
630,1.24,5.47,41.00,52.29,0.00,0.00
631,1.26,5.44,41.24,52.07,0.00,0.00
632,1.26,5.48,41.32,51.94,0.00,0.00
633,1.25,5.47,41.28,51.99,0.00,0.00
634,1.27,5.53,41.25,51.95,0.00,0.00
635,1.26,5.55,41.30,51.89,0.00,0.00
636,1.26,5.48,41.44,51.82,0.00,0.00
637,1.26,5.55,41.53,51.65,0.00,0.00
638,1.30,5.54,41.58,51.59,0.00,0.00
639,1.28,5.54,41.67,51.52,0.00,0.00
640,1.27,5.56,41.69,51.47,0.00,0.00
641,1.26,5.55,41.81,51.38,0.00,0.00
642,1.28,5.56,41.80,51.35,0.00,0.00
643,1.30,5.54,41.87,51.28,0.00,0.00
644,1.30,5.56,41.92,51.22,0.00,0.00
645,1.28,5.65,41.87,51.20,0.00,0.00
646,1.30,5.60,41.83,51.27,0.00,0.00
647,1.29,5.62,41.76,51.33,0.00,0.00
648,1.30,5.62,41.95,51.13,0.00,0.00
649,1.27,5.63,42.00,51.09,0.00,0.00
650,1.30,5.64,42.05,51.01,0.00,0.00
651,1.27,5.66,42.15,50.91,0.00,0.00
652,1.30,5.66,42.20,50.85,0.00,0.00
653,1.28,5.68,42.23,50.81,0.00,0.00
654,1.32,5.69,42.20,50.78,0.00,0.00
655,1.31,5.67,42.27,50.75,0.00,0.00
656,1.32,5.69,42.25,50.74,0.00,0.00
657,1.32,5.65,42.27,50.75,0.00,0.00
658,1.32,5.70,42.15,50.82,0.00,0.00
659,1.32,5.71,42.34,50.63,0.00,0.00
660,1.31,5.70,42.32,50.67,0.00,0.00
661,1.31,5.72,42.48,50.49,0.00,0.00
662,1.32,5.75,42.35,50.57,0.00,0.00
663,1.32,5.77,42.41,50.50,0.00,0.00
664,1.31,5.75,42.50,50.44,0.00,0.00
665,1.33,5.74,42.49,50.43,0.00,0.00
666,1.31,5.76,42.59,50.33,0.00,0.00
667,1.34,5.75,42.70,50.21,0.00,0.00
668,1.36,5.77,42.60,50.27,0.00,0.00
669,1.34,5.78,42.62,50.27,0.00,0.00
670,1.35,5.80,42.60,50.26,0.00,0.00
671,1.33,5.81,42.61,50.25,0.00,0.00
672,1.35,5.82,42.73,50.10,0.00,0.00
673,1.34,5.82,42.79,50.05,0.00,0.00
674,1.34,5.86,42.79,50.01,0.00,0.00
675,1.36,5.90,42.81,49.93,0.00,0.00
676,1.35,5.89,42.91,49.85,0.00,0.00
677,1.36,5.87,43.10,49.68,0.00,0.00
678,1.33,5.86,43.11,49.69,0.00,0.00
679,1.35,5.88,43.15,49.62,0.00,0.00
680,1.34,5.87,43.11,49.68,0.00,0.00
681,1.37,5.91,43.10,49.63,0.00,0.00
682,1.36,5.90,43.06,49.68,0.00,0.00
683,1.35,5.97,42.96,49.72,0.00,0.00
684,1.38,5.96,43.18,49.49,0.00,0.00
685,1.37,5.90,43.24,49.49,0.00,0.00
686,1.36,5.94,43.32,49.38,0.00,0.00
687,1.38,5.94,43.39,49.29,0.00,0.00
688,1.37,5.92,43.53,49.17,0.00,0.00
689,1.37,5.96,43.50,49.18,0.00,0.00
690,1.38,5.94,43.52,49.17,0.00,0.00
691,1.37,5.98,43.52,49.13,0.00,0.00
692,1.37,5.99,43.74,48.90,0.00,0.00
693,1.37,6.02,43.71,48.91,0.00,0.00
694,1.38,5.98,43.76,48.89,0.00,0.00
695,1.39,5.98,43.91,48.72,0.00,0.00
696,1.38,6.03,43.76,48.83,0.00,0.00
697,1.38,6.02,43.79,48.82,0.00,0.00
698,1.40,6.02,43.89,48.69,0.00,0.00
699,1.39,6.00,44.01,48.60,0.00,0.00
700,1.41,6.02,44.00,48.57,0.00,0.00
701,1.41,6.05,44.05,48.48,0.00,0.00
702,1.41,6.06,44.21,48.32,0.00,0.00
703,1.39,6.08,44.22,48.32,0.00,0.00
704,1.40,6.07,44.18,48.34,0.00,0.00
705,1.41,6.12,44.17,48.30,0.00,0.00
706,1.40,6.13,44.32,48.16,0.00,0.00
707,1.39,6.11,44.36,48.14,0.00,0.00
708,1.42,6.05,44.47,48.05,0.00,0.00
709,1.41,6.11,44.47,48.00,0.00,0.00
710,1.43,6.14,44.41,48.02,0.00,0.00
711,1.41,6.11,44.45,48.04,0.00,0.00
712,1.42,6.16,44.39,48.03,0.00,0.00
713,1.42,6.16,44.47,47.95,0.00,0.00
714,1.44,6.17,44.59,47.81,0.00,0.00
715,1.42,6.21,44.70,47.67,0.00,0.00
716,1.44,6.20,44.61,47.76,0.00,0.00
717,1.44,6.15,44.61,47.80,0.00,0.00
718,1.42,6.18,44.62,47.77,0.00,0.00
719,1.41,6.20,44.65,47.74,0.00,0.00
720,1.43,6.23,44.61,47.73,0.00,0.00
721,1.43,6.25,44.64,47.68,0.00,0.00
722,1.45,6.27,44.68,47.60,0.00,0.00
723,1.46,6.27,44.63,47.64,0.00,0.00
724,1.46,6.25,44.66,47.63,0.00,0.00
725,1.47,6.24,44.70,47.59,0.00,0.00
726,1.46,6.28,44.77,47.48,0.00,0.00
727,1.46,6.29,44.72,47.53,0.00,0.00
728,1.45,6.30,44.74,47.52,0.00,0.00
729,1.44,6.25,44.78,47.53,0.00,0.00
730,1.45,6.27,44.74,47.54,0.00,0.00
731,1.45,6.29,44.83,47.42,0.00,0.00
732,1.45,6.30,44.83,47.42,0.00,0.00
733,1.45,6.33,44.94,47.27,0.00,0.00
734,1.47,6.30,45.00,47.23,0.00,0.00
735,1.46,6.32,45.11,47.12,0.00,0.00
736,1.47,6.39,44.97,47.17,0.00,0.00
737,1.47,6.36,45.19,46.98,0.00,0.00
738,1.46,6.37,45.27,46.90,0.00,0.00
739,1.48,6.37,45.33,46.82,0.00,0.00
740,1.46,6.35,45.28,46.92,0.00,0.00
741,1.47,6.38,45.36,46.79,0.00,0.00
742,1.49,6.38,45.30,46.83,0.00,0.00
743,1.49,6.40,45.23,46.89,0.00,0.00
744,1.49,6.42,45.32,46.77,0.00,0.00
745,1.46,6.43,45.41,46.70,0.00,0.00
746,1.48,6.43,45.44,46.65,0.00,0.00
747,1.50,6.39,45.43,46.68,0.00,0.00
748,1.47,6.45,45.57,46.51,0.00,0.00
749,1.48,6.45,45.68,46.39,0.00,0.00
750,1.48,6.43,45.68,46.41,0.00,0.00
751,1.49,6.47,45.63,46.41,0.00,0.00
752,1.50,6.51,45.74,46.25,0.00,0.00
753,1.50,6.49,45.98,46.03,0.00,0.00
754,1.48,6.47,45.87,46.18,0.00,0.00
755,1.49,6.50,45.86,46.15,0.00,0.00
756,1.50,6.55,45.96,45.99,0.00,0.00
757,1.51,6.52,45.94,46.03,0.00,0.00
758,1.51,6.48,45.96,46.05,0.00,0.00
759,1.51,6.51,45.95,46.02,0.00,0.00
760,1.51,6.55,45.96,45.98,0.00,0.00
761,1.50,6.58,46.12,45.80,0.00,0.00
762,1.53,6.52,46.12,45.84,0.00,0.00
763,1.52,6.55,46.10,45.83,0.00,0.00
764,1.52,6.59,46.03,45.86,0.00,0.00
765,1.50,6.56,46.10,45.84,0.00,0.00
766,1.53,6.56,46.05,45.86,0.00,0.00
767,1.54,6.57,46.04,45.85,0.00,0.00
768,1.53,6.62,46.01,45.84,0.00,0.00
769,1.56,6.62,45.97,45.85,0.00,0.00
770,1.53,6.60,46.11,45.76,0.00,0.00
771,1.53,6.64,46.24,45.58,0.00,0.00
772,1.54,6.62,46.30,45.54,0.00,0.00
773,1.53,6.62,46.41,45.44,0.00,0.00
774,1.55,6.64,46.33,45.48,0.00,0.00
775,1.55,6.67,46.52,45.26,0.00,0.00
776,1.56,6.67,46.51,45.25,0.00,0.00
777,1.55,6.66,46.66,45.13,0.00,0.00
778,1.57,6.67,46.73,45.03,0.00,0.00
779,1.56,6.72,46.79,44.93,0.00,0.00
780,1.54,6.71,46.94,44.82,0.00,0.00
781,1.56,6.69,47.00,44.75,0.00,0.00
782,1.56,6.75,47.08,44.61,0.00,0.00
783,1.55,6.71,47.14,44.60,0.00,0.00
784,1.55,6.74,47.02,44.70,0.00,0.00
785,1.56,6.73,47.16,44.55,0.00,0.00
786,1.56,6.75,47.12,44.57,0.00,0.00
787,1.57,6.75,47.27,44.41,0.00,0.00
788,1.57,6.77,47.19,44.47,0.00,0.00
789,1.54,6.80,47.28,44.38,0.00,0.00
790,1.57,6.81,47.24,44.38,0.00,0.00
791,1.57,6.81,47.30,44.31,0.00,0.00
792,1.55,6.81,47.21,44.43,0.00,0.00
793,1.61,6.80,47.33,44.27,0.00,0.00
794,1.59,6.82,47.38,44.21,0.00,0.00
795,1.58,6.85,47.40,44.17,0.00,0.00
796,1.56,6.86,47.43,44.15,0.00,0.00
797,1.57,6.83,47.42,44.19,0.00,0.00
798,1.59,6.86,47.43,44.12,0.00,0.00
799,1.59,6.87,47.42,44.12,0.00,0.00
800,1.58,6.88,47.33,44.21,0.00,0.00
801,1.59,6.88,47.41,44.12,0.00,0.00
802,1.60,6.92,47.46,44.02,0.00,0.00
803,1.59,6.93,47.44,44.04,0.00,0.00
804,1.61,6.87,47.48,44.04,0.00,0.00
805,1.61,6.88,47.43,44.08,0.00,0.00
806,1.61,6.93,47.37,44.09,0.00,0.00
807,1.61,6.93,47.51,43.95,0.00,0.00
808,1.61,6.97,47.56,43.86,0.00,0.00
809,1.62,6.95,47.57,43.87,0.00,0.00
810,1.60,6.96,47.69,43.75,0.00,0.00
811,1.61,6.91,47.72,43.76,0.00,0.00
812,1.63,6.94,47.78,43.65,0.00,0.00
813,1.63,6.96,47.83,43.57,0.00,0.00
814,1.61,7.00,47.79,43.60,0.00,0.00
815,1.63,7.01,47.72,43.64,0.00,0.00
816,1.63,6.95,47.86,43.55,0.00,0.00
817,1.62,7.01,47.99,43.38,0.00,0.00
818,1.65,7.01,48.00,43.34,0.00,0.00
819,1.64,7.02,48.11,43.23,0.00,0.00
820,1.63,7.07,48.13,43.17,0.00,0.00
821,1.64,7.08,48.04,43.24,0.00,0.00
822,1.63,7.05,48.10,43.23,0.00,0.00
823,1.64,7.03,48.06,43.26,0.00,0.00
824,1.64,7.06,48.11,43.18,0.00,0.00
825,1.62,7.07,48.22,43.09,0.00,0.00
826,1.63,7.10,48.18,43.09,0.00,0.00
827,1.66,7.14,48.17,43.04,0.00,0.00
828,1.64,7.15,48.16,43.05,0.00,0.00
829,1.64,7.16,48.18,43.02,0.00,0.00
830,1.68,7.14,48.12,43.06,0.00,0.00
831,1.65,7.16,48.13,43.06,0.00,0.00
832,1.65,7.12,48.25,42.98,0.00,0.00
833,1.65,7.12,48.39,42.84,0.00,0.00
834,1.67,7.20,48.41,42.72,0.00,0.00
835,1.66,7.19,48.39,42.75,0.00,0.00
836,1.65,7.20,48.37,42.78,0.00,0.00
837,1.67,7.20,48.43,42.70,0.00,0.00
838,1.67,7.24,48.54,42.55,0.00,0.00
839,1.65,7.20,48.63,42.53,0.00,0.00
840,1.67,7.18,48.73,42.42,0.00,0.00
841,1.68,7.23,48.66,42.43,0.00,0.00
842,1.66,7.31,48.67,42.37,0.00,0.00
843,1.69,7.27,48.75,42.29,0.00,0.00
844,1.70,7.28,48.75,42.27,0.00,0.00
845,1.65,7.30,48.89,42.15,0.00,0.00
846,1.68,7.25,48.81,42.26,0.00,0.00
847,1.68,7.25,48.82,42.25,0.00,0.00
848,1.69,7.29,48.74,42.27,0.00,0.00
849,1.69,7.29,48.84,42.18,0.00,0.00
850,1.69,7.30,48.83,42.18,0.00,0.00
851,1.66,7.29,48.84,42.21,0.00,0.00
852,1.68,7.30,48.91,42.11,0.00,0.00
853,1.70,7.28,49.07,41.95,0.00,0.00
854,1.70,7.28,48.96,42.06,0.00,0.00
855,1.71,7.36,48.95,41.98,0.00,0.00
856,1.70,7.34,49.10,41.86,0.00,0.00
857,1.69,7.37,48.99,41.95,0.00,0.00
858,1.72,7.32,49.09,41.87,0.00,0.00
859,1.72,7.36,49.13,41.79,0.00,0.00
860,1.69,7.41,48.96,41.94,0.00,0.00
861,1.71,7.34,49.10,41.85,0.00,0.00
862,1.71,7.38,49.19,41.71,0.00,0.00
863,1.73,7.38,49.26,41.63,0.00,0.00
864,1.72,7.42,49.23,41.63,0.00,0.00
865,1.72,7.39,49.16,41.73,0.00,0.00
866,1.73,7.41,49.24,41.62,0.00,0.00
867,1.73,7.41,49.28,41.57,0.00,0.00
868,1.72,7.42,49.27,41.58,0.00,0.00
869,1.74,7.41,49.39,41.47,0.00,0.00
870,1.72,7.43,49.47,41.38,0.00,0.00
871,1.76,7.45,49.50,41.30,0.00,0.00
872,1.73,7.41,49.52,41.34,0.00,0.00
873,1.74,7.45,49.58,41.23,0.00,0.00
874,1.73,7.47,49.59,41.21,0.00,0.00
875,1.75,7.51,49.55,41.19,0.00,0.00
876,1.75,7.47,49.49,41.29,0.00,0.00
877,1.73,7.50,49.64,41.13,0.00,0.00
878,1.77,7.49,49.55,41.18,0.00,0.00
879,1.76,7.50,49.54,41.20,0.00,0.00
880,1.78,7.53,49.51,41.18,0.00,0.00
881,1.75,7.52,49.52,41.21,0.00,0.00
882,1.73,7.56,49.47,41.24,0.00,0.00
883,1.75,7.54,49.67,41.04,0.00,0.00
884,1.76,7.54,49.66,41.03,0.00,0.00
885,1.76,7.51,49.70,41.02,0.00,0.00
886,1.77,7.60,49.74,40.89,0.00,0.00
887,1.74,7.56,49.86,40.83,0.00,0.00
888,1.76,7.57,49.76,40.91,0.00,0.00
889,1.78,7.60,49.79,40.83,0.00,0.00
890,1.77,7.60,49.89,40.74,0.00,0.00
891,1.75,7.62,49.87,40.76,0.00,0.00
892,1.80,7.60,49.84,40.76,0.00,0.00
893,1.76,7.64,50.00,40.61,0.00,0.00
894,1.78,7.65,49.89,40.68,0.00,0.00
895,1.78,7.66,49.92,40.64,0.00,0.00
896,1.79,7.65,49.95,40.61,0.00,0.00
897,1.80,7.63,50.00,40.57,0.00,0.00
898,1.79,7.66,50.04,40.51,0.00,0.00
899,1.78,7.68,50.12,40.42,0.00,0.00
900,1.76,7.67,50.08,40.49,0.00,0.00
901,1.79,7.73,50.01,40.47,0.00,0.00
902,1.80,7.70,50.19,40.31,0.00,0.00
903,1.80,7.69,50.21,40.30,0.00,0.00
904,1.78,7.72,50.17,40.33,0.00,0.00
905,1.78,7.72,50.29,40.21,0.00,0.00
906,1.79,7.75,50.38,40.08,0.00,0.00
907,1.80,7.77,50.39,40.04,0.00,0.00
908,1.82,7.74,50.35,40.09,0.00,0.00
909,1.78,7.68,50.52,40.01,0.00,0.00
910,1.82,7.75,50.54,39.89,0.00,0.00
911,1.80,7.75,50.45,40.00,0.00,0.00
912,1.80,7.73,50.68,39.79,0.00,0.00
913,1.82,7.73,50.63,39.82,0.00,0.00
914,1.80,7.81,50.68,39.71,0.00,0.00
915,1.80,7.78,50.77,39.64,0.00,0.00
916,1.84,7.80,50.77,39.60,0.00,0.00
917,1.83,7.82,50.73,39.61,0.00,0.00
918,1.81,7.84,50.68,39.67,0.00,0.00
919,1.81,7.79,50.68,39.71,0.00,0.00
920,1.82,7.86,50.63,39.70,0.00,0.00
921,1.85,7.84,50.80,39.52,0.00,0.00
922,1.84,7.85,50.75,39.56,0.00,0.00
923,1.86,7.87,50.66,39.61,0.00,0.00
924,1.86,7.86,50.79,39.49,0.00,0.00
925,1.83,7.87,50.81,39.49,0.00,0.00
926,1.83,7.85,50.72,39.59,0.00,0.00
927,1.82,7.87,50.84,39.47,0.00,0.00
928,1.87,7.91,50.75,39.46,0.00,0.00
929,1.84,7.91,50.73,39.52,0.00,0.00
930,1.85,7.89,50.69,39.57,0.00,0.00
931,1.86,7.92,50.82,39.40,0.00,0.00
932,1.86,7.95,50.82,39.36,0.00,0.00
933,1.84,7.91,50.91,39.35,0.00,0.00
934,1.84,7.96,50.88,39.32,0.00,0.00
935,1.86,7.91,50.97,39.25,0.00,0.00
936,1.86,7.96,51.09,39.08,0.00,0.00
937,1.84,7.96,51.09,39.11,0.00,0.00
938,1.84,7.91,51.01,39.24,0.00,0.00
939,1.87,7.99,51.03,39.10,0.00,0.00
940,1.86,7.99,51.02,39.13,0.00,0.00
941,1.89,7.99,51.02,39.10,0.00,0.00
942,1.89,7.96,51.02,39.13,0.00,0.00
943,1.85,8.07,51.13,38.94,0.00,0.00
944,1.86,8.00,51.20,38.95,0.00,0.00
945,1.88,8.03,51.30,38.79,0.00,0.00
946,1.86,8.01,51.21,38.92,0.00,0.00
947,1.89,8.06,51.26,38.79,0.00,0.00
948,1.88,8.05,51.20,38.87,0.00,0.00
949,1.92,8.05,51.17,38.85,0.00,0.00
950,1.88,8.04,51.34,38.74,0.00,0.00
951,1.90,8.07,51.43,38.60,0.00,0.00
952,1.91,8.03,51.65,38.40,0.00,0.00
953,1.88,8.07,51.45,38.60,0.00,0.00
954,1.90,8.08,51.54,38.49,0.00,0.00
955,1.86,8.08,51.60,38.46,0.00,0.00
956,1.91,8.07,51.62,38.41,0.00,0.00
957,1.90,8.06,51.70,38.35,0.00,0.00
958,1.89,8.08,51.69,38.33,0.00,0.00
959,1.90,8.10,51.64,38.35,0.00,0.00
960,1.91,8.11,51.58,38.40,0.00,0.00
